Calculation parameters:
c = 300000000.0
m = 7.3e-26
alpha = 2.7e-29
k = 1.3799999999999998e-23

dt = 1e-09
dh = 1
eps = 0.2
particle_numbers = 3
R = 6000000.0
g = 8.232000000000001
Po = 10000000.0
T = 773
coef_reflection = 0.3
atmosphere_height = 6000000.0
N = 100000


Data:
x,m    y,m
[-12000001.0, -12000000.7, -11997000.699992549, -11994000.699985098, -11991000.699977648, -11988000.699970197, -11985000.699962746, -11982000.699955296, -11979000.699947845, -11976000.699940395, -11973000.699932944] [6087000.0, 6087000.0, 6087000.0, 6087000.0, 6087000.0, 6087000.0, 6087000.0, 6087000.0, 6087000.0, 6087000.0, 6087000.0]
[-12000001.0, -12000000.7, -11997000.699992549, -11994000.699985098, -11991000.699977648, -11988000.699970197, -11985000.699962746, -11982000.699955296, -11979000.699947845, -11976000.699940395, -11973000.699932944] [6088500.0, 6088500.0, 6088500.0, 6088500.0, 6088500.0, 6088500.0, 6088500.0, 6088500.0, 6088500.0, 6088500.0, 6088500.0]
[-12000001.0, -12000000.7, -11997000.699992549, -11994000.699985098, -11991000.699977648, -11988000.699970197, -11985000.699962746, -11982000.699955296, -11979000.699947845, -11976000.699940395, -11973000.699932944] [6090000.0, 6090000.0, 6090000.0, 6090000.0, 6090000.0, 6090000.0, 6090000.0, 6090000.0, 6090000.0, 6090000.0, 6090000.0]
