Calculation parameters:
c = 300000000.0
m = 7.3e-26
alpha = 6.7e-29
k = 1.3799999999999998e-23

dt = 1e-09
dh = 1
eps = 0.2
particle_numbers = 5
R = 6000000.0
g = 8.232000000000001
Po = 10000000.0
T = 773
coef_reflection = 0.3
atmosphere_height = 6000000.0
N = 10000000


Data:
x,m    y,m
-9003000.69255687 0.0
-9003000.69255687 3000000.0
-9003000.69255687 6000000.0
-9003000.69255687 9000000.0
-9003000.69255687 12000000.0
