Calculation parameters:
c = 300000000.0
m = 7.3e-26
alpha = 2.7e-29
k = 1.3799999999999998e-23

dt = 1e-08
dh = 1
eps = 0.2
particle_numbers = 5
R = 6000000.0
g = 8.232000000000001
Po = 10000000.0
T = 773
coef_reflection = 0.3
atmosphere_height = 6000000.0
N = 10000000


Data:
x,m    y,m
-640983.4771211103 5966958.561551057
10289960.28834856 6133476.095454377
10200001.993899861 6299996.450324495
17970001.999999747 6450000.0
17970002.0 6600000.0
