Calculation parameters:
c = 300000000.0
m = 7.3e-26
alpha = 6.7e-29
k = 1.3799999999999998e-23

dt = 1e-08
dh = 1
eps = 0.2
particle_numbers = 5
R = 6000000.0
g = 8.232000000000001
Po = 10000000.0
T = 773
coef_reflection = 0.3
atmosphere_height = 6000000.0
N = 10000000


Data:
x,m    y,m
-6004961.694325274 0.0
-5222251.831294233 2998799.5356530566
-736177.5402384109 5961135.118976745
17970002.0 9000000.0
17970002.0 12000000.0
